:      FN1        FN2         F1      F2   TCPU2    :=
1    0.153851   1          -14         43    374
2    0.505503   0.978593   -45.9993   120   3625
3    0.802202   0.927718   -72.998    303   3605
4    0.978021   0.866277   -88.997    524   3611
5    0.978021   0.866277   -88.997    524   3605
6    0.978021   0.866277   -88.997    524   1201
7    1          0.839589   -90.997    620    332
8    1          0.839589   -90.997    620     68
9    1          0.839589   -90.997    620     28
10   1          0.839589   -90.997    620     13
11   1          0.83514    -90.997    636     11
;
