:      FN1        FN2      F1    F2  TCPU2    :=
1    0.117647   1           -2    10    1
2    0.352941   0.974026    -6    30    0
3    0.529412   0.935065    -9    60    0
4    0.941176   0.805195   -16   160    0
5    0.941176   0.805195   -16   160    0
6    0.941176   0.805195   -16   160    0
7    1          0.74026    -17   210    0
8    1          0.74026    -17   210    0
9    1          0.74026    -17   210    0
10   1          0.74026    -17   210    0
11   1          0.74026    -17   210    0