-576 2466
-458 1519
-563 1979
-575 2386
-564 2059
-482 1562
-472 1555
-466 1538
-561 1932
-573 2347
-566 2081
-567 2133
-515 1721
-572 2292
-521 1727
-525 1731
-500 1628
-569 2178
-570 2221
-571 2251
-555 1891
-542 1795
-530 1744
-552 1858
-460 1529
-489 1575
-538 1786
-557 1906
-499 1613
-549 1835
-507 1669
-532 1748
-534 1770
-545 1817
-506 1664
-504 1646
-496 1597
-510 1684
-464 1536
-568 2157
-491 1582
-559 1917
-556 1902
-547 1821
-536 1772
-553 1878
-503 1632
-487 1572
-484 1569
-495 1588
-494 1586
-513 1711
-512 1701
-509 1678
-574 2369
-544 1809
