-582 3045
-465 1561
-581 2818
-572 2496
-573 2629
-507 1650
-499 1642
-540 1925
-535 1854
-545 2066
-480 1597
-530 1829
-541 1978
-473 1577
-560 2350
-575 2652
-514 1708
-511 1670
-553 2153
-554 2210
-578 2777
-475 1593
-490 1631
-521 1751
-558 2299
-468 1567
-576 2700
-577 2733
-537 1885
-565 2379
-481 1609
-571 2479
-569 2450
-494 1634
-542 1985
-543 2025
-528 1802
-551 2130
-550 2092
-524 1777
-486 1624
-555 2222
-556 2259
-548 2081
-518 1736
-567 2427
-562 2356
-526 1781
-483 1614
-513 1690
-539 1903
-580 2800
-566 2397
-516 1725
-497 1638
-489 1630
-522 1752
-484 1617
-544 2038
-487 1629
