-380 1375
-581 2659
-458 1585
-476 1591
-580 2565
-575 2416
-570 2276
-421 1464
-511 1728
-402 1403
-579 2492
-546 1952
-578 2449
-564 2116
-563 2105
-540 1907
-519 1799
-571 2291
-557 1984
-569 2222
-559 2020
-561 2067
-410 1413
-393 1402
-574 2364
-491 1623
-573 2342
-444 1518
-506 1689
-525 1801
-530 1854
-437 1510
-576 2435
-426 1481
-499 1642
-478 1598
-386 1399
-424 1470
-504 1654
-390 1400
-412 1419
-568 2186
-566 2154
-451 1555
-553 1981
-514 1751
-517 1771
-481 1609
-405 1405
-486 1617
-544 1925
-455 1569
-417 1433
-509 1703
-550 1964
-448 1530
-494 1624
-433 1499
-534 1864
-537 1873
-429 1489
-542 1909
