-574 2554
-434 1539
-479 1572
-446 1571
-570 2233
-571 2396
-572 2488
-573 2489
-536 1765
-482 1586
-569 2228
-557 1949
-531 1733
-489 1593
-440 1550
-566 2158
-565 2117
-568 2188
-502 1610
-441 1565
-537 1796
-556 1919
-532 1761
-561 2042
-509 1619
-560 2007
-539 1799
-542 1819
-517 1660
-514 1641
-492 1597
-504 1613
-519 1667
-497 1599
-545 1845
-522 1683
-524 1706
-547 1868
-549 1873
-529 1727
-553 1897
-551 1876
-559 1981
-533 1763
-511 1637
-543 1835
-563 2077
-564 2099
-526 1713
-554 1910
-444 1568
-562 2061
-567 2173
-558 1963
-481 1576
-520 1677
