-582 2796
-459 1544
-580 2686
-473 1578
-483 1588
-559 2070
-565 2345
-508 1682
-554 2044
-549 2005
-563 2207
-564 2283
-501 1660
-562 2136
-578 2581
-579 2647
-574 2497
-573 2450
-537 1847
-535 1800
-531 1774
-512 1695
-513 1696
-568 2407
-547 1924
-472 1561
-488 1619
-570 2410
-496 1650
-529 1773
-575 2501
-548 1967
-543 1880
-545 1912
-566 2356
-463 1554
-489 1625
-556 2059
-533 1799
-469 1560
-577 2562
-567 2376
-525 1760
-517 1709
-493 1647
-521 1736
-523 1756
-576 2530
-571 2433
-468 1559
-540 1875
-518 1734
-466 1555
-491 1637
-486 1597
-539 1855
