-416 1421
-583 2526
-491 1542
-506 1550
-451 1485
-465 1489
-582 2457
-575 2287
-563 2163
-549 1918
-509 1560
-538 1724
-562 2106
-576 2343
-551 1979
-560 2075
-547 1908
-479 1494
-573 2284
-578 2355
-546 1861
-580 2417
-567 2189
-572 2251
-565 2164
-428 1435
-435 1440
-532 1699
-472 1491
-526 1674
-523 1645
-579 2397
-527 1689
-542 1779
-543 1800
-545 1839
-490 1534
-553 2025
-558 2072
-556 2049
-552 2016
-442 1468
-480 1497
-483 1509
-569 2229
-539 1756
-519 1604
-516 1586
-487 1523
-513 1576
-557 2051
-522 1633
-424 1429
-419 1422
-438 1446
-420 1427
-445 1476
-534 1717
-448 1479
-540 1774
