-578 2676
-423 1428
-503 1617
-485 1616
-565 2345
-564 2254
-560 2119
-534 1769
-572 2415
-559 2037
-577 2663
-539 1777
-576 2616
-575 2549
-429 1442
-434 1448
-549 1968
-533 1740
-463 1507
-529 1735
-573 2452
-574 2504
-552 2005
-447 1478
-453 1488
-521 1684
-543 1873
-547 1919
-545 1874
-436 1451
-457 1503
-541 1812
-481 1593
-479 1560
-563 2214
-562 2177
-561 2137
-471 1537
-517 1669
-454 1489
-522 1687
-507 1631
-510 1652
-525 1698
-440 1455
-526 1699
-464 1522
-482 1611
-427 1437
-568 2383
-569 2400
-542 1840
-513 1660
-475 1552
-546 1905
-551 1990
-468 1532
-530 1737
-556 2009
-444 1467
