-455 1513
-579 2904
-576 2710
-575 2585
-493 1601
-522 1830
-573 2534
-562 2245
-561 2161
-514 1722
-550 1991
-569 2385
-486 1590
-462 1514
-551 2024
-572 2471
-574 2545
-523 1876
-515 1764
-570 2430
-467 1520
-558 2111
-494 1604
-568 2365
-540 1948
-545 1986
-564 2277
-566 2287
-517 1789
-519 1819
-482 1583
-473 1542
-557 2075
-556 2035
-571 2431
-542 1965
-524 1880
-537 1938
-535 1912
-530 1895
-527 1881
-516 1771
-567 2318
-468 1536
-472 1537
-497 1615
-560 2128
-539 1942
-502 1636
-554 2027
-559 2113
-512 1705
-510 1688
-499 1632
-479 1579
-477 1562
-532 1911
-506 1659
-508 1674
-504 1645
-475 1555
