-430 1452
-581 2981
-580 2801
-448 1479
-438 1476
-568 2449
-469 1571
-523 1742
-575 2658
-531 1795
-571 2513
-574 2573
-483 1580
-477 1572
-556 2183
-459 1523
-511 1656
-538 1856
-490 1594
-564 2379
-562 2324
-532 1803
-527 1761
-557 2243
-484 1586
-465 1541
-565 2413
-566 2427
-432 1459
-552 2109
-560 2296
-559 2254
-569 2499
-550 2067
-579 2763
-544 1910
-513 1672
-536 1819
-517 1683
-450 1494
-454 1508
-467 1549
-577 2730
-576 2701
-553 2152
-501 1630
-548 1987
-546 1955
-549 2028
-545 1915
-541 1861
-521 1726
-519 1699
-497 1614
-494 1610
-554 2177
-504 1642
-507 1655
-468 1565
-537 1824
-543 1878
-435 1466
